epoch:0 0.0000  0.0000  0.0000  0.0000  -1.0000  -1.0000  0.0000  0.0000  0.0000  0.0000  -1.0000  -1.0000  0.0000  1.4389  0.0000  0.010000
epoch:1 0.0000  0.0596  0.1691  0.0308  -1.0000  -1.0000  0.0596  0.1240  0.3320  0.3320  -1.0000  -1.0000  0.3320  0.2608  0.0000  0.010000
