epoch:0 0.0000  0.0000  0.0000  0.0000  -1.0000  -1.0000  0.0000  0.0000  0.0000  0.0000  -1.0000  -1.0000  0.0000  1.5287  0.0000  0.010000
epoch:1 0.0000  0.0354  0.1282  0.0084  -1.0000  -1.0000  0.0354  0.0640  0.2360  0.2440  -1.0000  -1.0000  0.2440  0.2937  0.0000  0.010000
epoch:2 0.0000  0.0511  0.2074  0.0029  -1.0000  -1.0000  0.0511  0.1080  0.2840  0.2840  -1.0000  -1.0000  0.2840  0.1167  0.0000  0.010000
