epoch:0 0.0000  0.0000  0.0000  0.0000  -1.0000  -1.0000  0.0000  0.0000  0.0000  0.0000  -1.0000  -1.0000  0.0000  1.4751  0.0000  0.010000
epoch:1 0.0000  0.0867  0.3349  0.0029  -1.0000  -1.0000  0.0867  0.1600  0.2400  0.2480  -1.0000  -1.0000  0.2480  0.2591  0.0000  0.010000
epoch:2 0.0000  0.0625  0.2868  0.0078  -1.0000  -1.0000  0.0625  0.1360  0.2760  0.2760  -1.0000  -1.0000  0.2760  0.1198  0.0000  0.010000
