epoch:0 0.0000  0.0000  0.0000  0.0000  -1.0000  -1.0000  0.0000  0.0000  0.0000  0.0000  -1.0000  -1.0000  0.0000  1.4663  0.0000  0.010000
epoch:1 0.0000  0.1036  0.3381  0.0055  -1.0000  -1.0000  0.1036  0.1840  0.2720  0.2720  -1.0000  -1.0000  0.2720  0.2847  0.0000  0.010000
epoch:2 0.0000  0.1408  0.5428  0.0198  -1.0000  -1.0000  0.1408  0.1880  0.2880  0.2880  -1.0000  -1.0000  0.2880  0.1420  0.0000  0.010000
